#'
#'
#'
#' Primary CSAFE colors
csafe_cols <- c("#40B4E5", "#003A70", "#77BC1F", "#CF0A2C", "#8A8A8D")
#'
#'
#'
#' Secondary CSAFE colors
csafe_cols_secondary <- c("#9F1B96", "#EA1D76", "#AC162C", "#00833E", "#E11383", "#E4E833",
                          "#F5BD47", "#555759", "#2E5597", "#6BA2B9", "#FA8D29", "#005487")
